.Random.seed <-
c(402L, -162821854L, 1575042963L)
